given lattice is:
 1 -1  1
 1  1 -1
-1  1  1

given basis is:
0
0
0

==========================================================

************************************************************************************
***********************************Point Groups*************************************
************************************************************************************
-1  0  0
 0 -1  0
 0  0  1

Rotation


===========================
 0  0  1
 0 -1  0
-1  0  0

Improper Rotation


===========================
 0 -1  0
-1  0  0
 0  0  1

Mirror


===========================
 0 -1  0
 0  0  1
-1  0  0

Rotation


===========================
 0  0  1
-1  0  0
 0 -1  0

Rotation


===========================
-1  0  0
 0  0  1
 0 -1  0

Improper Rotation


===========================
-1  0  0
 0 -1  0
 0  0 -1

Inverse


===========================
 0  0  1
 0 -1  0
 1  0  0

Rotation


===========================
 0 -1  0
-1  0  0
 0  0 -1

Rotation


===========================
 0 -1  0
 0  0  1
 1  0  0

Improper Rotation


===========================
 0  0  1
-1  0  0
 0  1  0

Improper Rotation


===========================
-1  0  0
 0  0  1
 0  1  0

Rotation


===========================
 0  0 -1
 0 -1  0
-1  0  0

Rotation


===========================
 1  0  0
 0 -1  0
 0  0  1

Mirror


===========================
 0  0 -1
-1  0  0
 0 -1  0

Improper Rotation


===========================
 1  0  0
 0  0  1
 0 -1  0

Rotation


===========================
 0  1  0
-1  0  0
 0  0  1

Rotation


===========================
 0  1  0
 0  0  1
-1  0  0

Improper Rotation


===========================
 0 -1  0
 0  0 -1
-1  0  0

Improper Rotation


===========================
 0 -1  0
 1  0  0
 0  0  1

Rotation


===========================
-1  0  0
 0  0 -1
 0 -1  0

Rotation


===========================
 0  0  1
 1  0  0
 0 -1  0

Improper Rotation


===========================
-1  0  0
 0  1  0
 0  0  1

Mirror


===========================
 0  0  1
 0  1  0
-1  0  0

Rotation


===========================
 0  0 -1
 0 -1  0
 1  0  0

Improper Rotation


===========================
 1  0  0
 0 -1  0
 0  0 -1

Rotation


===========================
 0  0 -1
-1  0  0
 0  1  0

Rotation


===========================
1 0 0
0 0 1
0 1 0

Mirror


===========================
 0  1  0
-1  0  0
 0  0 -1

Improper Rotation


===========================
0 1 0
0 0 1
1 0 0

Rotation


===========================
 0 -1  0
 0  0 -1
 1  0  0

Rotation


===========================
 0 -1  0
 1  0  0
 0  0 -1

Improper Rotation


===========================
-1  0  0
 0  0 -1
 0  1  0

Improper Rotation


===========================
0 0 1
1 0 0
0 1 0

Rotation


===========================
-1  0  0
 0  1  0
 0  0 -1

Rotation


===========================
0 0 1
0 1 0
1 0 0

Mirror


===========================
 1  0  0
 0  0 -1
 0 -1  0

Mirror


===========================
 0  0 -1
 1  0  0
 0 -1  0

Rotation


===========================
 0  1  0
 0  0 -1
-1  0  0

Rotation


===========================
0 1 0
1 0 0
0 0 1

Mirror


===========================
 0  0 -1
 0  1  0
-1  0  0

Mirror


===========================
1 0 0
0 1 0
0 0 1

Identity


===========================
 1  0  0
 0  0 -1
 0  1  0

Rotation


===========================
 0  0 -1
 1  0  0
 0  1  0

Improper Rotation


===========================
 0  1  0
 0  0 -1
 1  0  0

Improper Rotation


===========================
 0  1  0
 1  0  0
 0  0 -1

Rotation


===========================
 0  0 -1
 0  1  0
 1  0  0

Rotation


===========================
 1  0  0
 0  1  0
 0  0 -1

Mirror


===========================
************************************************************************************
************************************************************************************
************************************************************************************

************************************************************************************
********************************Factor Groups***************************************
************************************************************************************
-1  0  0
 0 -1  0
 0  0  1

0
0
0

Rotation


===========================
 0  0  1
 0 -1  0
-1  0  0

0
0
0

Improper Rotation


===========================
 0 -1  0
-1  0  0
 0  0  1

0
0
0

Mirror


===========================
 0 -1  0
 0  0  1
-1  0  0

0
0
0

Rotation


===========================
 0  0  1
-1  0  0
 0 -1  0

0
0
0

Rotation


===========================
-1  0  0
 0  0  1
 0 -1  0

0
0
0

Improper Rotation


===========================
-1  0  0
 0 -1  0
 0  0 -1

0
0
0

Inverse


===========================
 0  0  1
 0 -1  0
 1  0  0

0
0
0

Rotation


===========================
 0 -1  0
-1  0  0
 0  0 -1

0
0
0

Rotation


===========================
 0 -1  0
 0  0  1
 1  0  0

0
0
0

Improper Rotation


===========================
 0  0  1
-1  0  0
 0  1  0

0
0
0

Improper Rotation


===========================
-1  0  0
 0  0  1
 0  1  0

0
0
0

Rotation


===========================
 0  0 -1
 0 -1  0
-1  0  0

0
0
0

Rotation


===========================
 1  0  0
 0 -1  0
 0  0  1

0
0
0

Mirror


===========================
 0  0 -1
-1  0  0
 0 -1  0

0
0
0

Improper Rotation


===========================
 1  0  0
 0  0  1
 0 -1  0

0
0
0

Rotation


===========================
 0  1  0
-1  0  0
 0  0  1

0
0
0

Rotation


===========================
 0  1  0
 0  0  1
-1  0  0

0
0
0

Improper Rotation


===========================
 0 -1  0
 0  0 -1
-1  0  0

0
0
0

Improper Rotation


===========================
 0 -1  0
 1  0  0
 0  0  1

0
0
0

Rotation


===========================
-1  0  0
 0  0 -1
 0 -1  0

0
0
0

Rotation


===========================
 0  0  1
 1  0  0
 0 -1  0

0
0
0

Improper Rotation


===========================
-1  0  0
 0  1  0
 0  0  1

0
0
0

Mirror


===========================
 0  0  1
 0  1  0
-1  0  0

0
0
0

Rotation


===========================
 0  0 -1
 0 -1  0
 1  0  0

0
0
0

Improper Rotation


===========================
 1  0  0
 0 -1  0
 0  0 -1

0
0
0

Rotation


===========================
 0  0 -1
-1  0  0
 0  1  0

0
0
0

Rotation


===========================
1 0 0
0 0 1
0 1 0

0
0
0

Mirror


===========================
 0  1  0
-1  0  0
 0  0 -1

0
0
0

Improper Rotation


===========================
0 1 0
0 0 1
1 0 0

0
0
0

Rotation


===========================
 0 -1  0
 0  0 -1
 1  0  0

0
0
0

Rotation


===========================
 0 -1  0
 1  0  0
 0  0 -1

0
0
0

Improper Rotation


===========================
-1  0  0
 0  0 -1
 0  1  0

0
0
0

Improper Rotation


===========================
0 0 1
1 0 0
0 1 0

0
0
0

Rotation


===========================
-1  0  0
 0  1  0
 0  0 -1

0
0
0

Rotation


===========================
0 0 1
0 1 0
1 0 0

0
0
0

Mirror


===========================
 1  0  0
 0  0 -1
 0 -1  0

0
0
0

Mirror


===========================
 0  0 -1
 1  0  0
 0 -1  0

0
0
0

Rotation


===========================
 0  1  0
 0  0 -1
-1  0  0

0
0
0

Rotation


===========================
0 1 0
1 0 0
0 0 1

0
0
0

Mirror


===========================
 0  0 -1
 0  1  0
-1  0  0

0
0
0

Mirror


===========================
1 0 0
0 1 0
0 0 1

0
0
0

Identity


===========================
 1  0  0
 0  0 -1
 0  1  0

0
0
0

Rotation


===========================
 0  0 -1
 1  0  0
 0  1  0

0
0
0

Improper Rotation


===========================
 0  1  0
 0  0 -1
 1  0  0

0
0
0

Improper Rotation


===========================
 0  1  0
 1  0  0
 0  0 -1

0
0
0

Rotation


===========================
 0  0 -1
 0  1  0
 1  0  0

0
0
0

Rotation


===========================
 1  0  0
 0  1  0
 0  0 -1

0
0
0

Mirror


===========================
************************************************************************************
************************************************************************************
************************************************************************************
Total Number of Valid Point Groups:  48
Total number of valid Factor Groups:   48

	0	1	2	3	4	5	6	7	8	9	10	11	12	13	14	15	16	17	18	19	20	21	22	23	24	25	26	27	28	29	30	31	32	33	34	35	36	37	38	39	40	41	42	43	44	45	46	47	

0	41	40	39	38	37	36	47	46	45	44	43	42	23	22	21	20	19	18	17	16	15	14	13	12	35	34	33	32	31	30	29	28	27	26	25	24	5	4	3	2	1	0	11	10	9	8	7	6	
1	35	34	33	32	31	30	46	47	43	42	45	44	22	23	19	18	21	20	11	10	9	8	7	6	41	40	39	38	37	36	27	26	29	28	24	25	3	2	5	4	0	1	17	16	15	14	13	12	
2	39	38	41	40	36	37	45	44	47	46	42	43	17	16	15	14	13	12	23	22	21	20	19	18	29	28	27	26	25	24	35	34	33	32	31	30	4	5	1	0	3	2	10	11	7	6	9	8	
3	29	28	27	26	25	24	44	45	42	43	47	46	16	17	13	12	15	14	10	11	7	6	9	8	39	38	41	40	36	37	33	32	35	34	30	31	1	0	4	5	2	3	23	22	21	20	19	18	
4	33	32	35	34	30	31	43	42	46	47	44	45	11	10	9	8	7	6	22	23	19	18	21	20	27	26	29	28	24	25	41	40	39	38	37	36	2	3	0	1	5	4	16	17	13	12	15	14	
5	27	26	29	28	24	25	42	43	44	45	46	47	10	11	7	6	9	8	16	17	13	12	15	14	33	32	35	34	30	31	39	38	41	40	36	37	0	1	2	3	4	5	22	23	19	18	21	20	
6	47	46	45	44	43	42	41	40	39	38	37	36	35	34	33	32	31	30	29	28	27	26	25	24	23	22	21	20	19	18	17	16	15	14	13	12	11	10	9	8	7	6	5	4	3	2	1	0	
7	23	22	21	20	19	18	40	41	37	36	39	38	34	35	31	30	33	32	5	4	3	2	1	0	47	46	45	44	43	42	15	14	17	16	12	13	9	8	11	10	6	7	29	28	27	26	25	24	
8	45	44	47	46	42	43	39	38	41	40	36	37	29	28	27	26	25	24	35	34	33	32	31	30	17	16	15	14	13	12	23	22	21	20	19	18	10	11	7	6	9	8	4	5	1	0	3	2	
9	17	16	15	14	13	12	38	39	36	37	41	40	28	29	25	24	27	26	4	5	1	0	3	2	45	44	47	46	42	43	21	20	23	22	18	19	7	6	10	11	8	9	35	34	33	32	31	30	
10	21	20	23	22	18	19	37	36	40	41	38	39	5	4	3	2	1	0	34	35	31	30	33	32	15	14	17	16	12	13	47	46	45	44	43	42	8	9	6	7	11	10	28	29	25	24	27	26	
11	15	14	17	16	12	13	36	37	38	39	40	41	4	5	1	0	3	2	28	29	25	24	27	26	21	20	23	22	18	19	45	44	47	46	42	43	6	7	8	9	10	11	34	35	31	30	33	32	
12	46	47	43	42	45	44	35	34	33	32	31	30	41	40	39	38	37	36	27	26	29	28	24	25	22	23	19	18	21	20	11	10	9	8	7	6	17	16	15	14	13	12	3	2	5	4	0	1	
13	22	23	19	18	21	20	34	35	31	30	33	32	40	41	37	36	39	38	3	2	5	4	0	1	46	47	43	42	45	44	9	8	11	10	6	7	15	14	17	16	12	13	27	26	29	28	24	25	
14	43	42	46	47	44	45	33	32	35	34	30	31	27	26	29	28	24	25	41	40	39	38	37	36	11	10	9	8	7	6	22	23	19	18	21	20	16	17	13	12	15	14	2	3	0	1	5	4	
15	11	10	9	8	7	6	32	33	30	31	35	34	26	27	24	25	29	28	2	3	0	1	5	4	43	42	46	47	44	45	19	18	22	23	20	21	13	12	16	17	14	15	41	40	39	38	37	36	
16	19	18	22	23	20	21	31	30	34	35	32	33	3	2	5	4	0	1	40	41	37	36	39	38	9	8	11	10	6	7	46	47	43	42	45	44	14	15	12	13	17	16	26	27	24	25	29	28	
17	9	8	11	10	6	7	30	31	32	33	34	35	2	3	0	1	5	4	26	27	24	25	29	28	19	18	22	23	20	21	43	42	46	47	44	45	12	13	14	15	16	17	40	41	37	36	39	38	
18	44	45	42	43	47	46	29	28	27	26	25	24	39	38	41	40	36	37	33	32	35	34	30	31	16	17	13	12	15	14	10	11	7	6	9	8	23	22	21	20	19	18	1	0	4	5	2	3	
19	16	17	13	12	15	14	28	29	25	24	27	26	38	39	36	37	41	40	1	0	4	5	2	3	44	45	42	43	47	46	7	6	10	11	8	9	21	20	23	22	18	19	33	32	35	34	30	31	
20	42	43	44	45	46	47	27	26	29	28	24	25	33	32	35	34	30	31	39	38	41	40	36	37	10	11	7	6	9	8	16	17	13	12	15	14	22	23	19	18	21	20	0	1	2	3	4	5	
21	10	11	7	6	9	8	26	27	24	25	29	28	32	33	30	31	35	34	0	1	2	3	4	5	42	43	44	45	46	47	13	12	16	17	14	15	19	18	22	23	20	21	39	38	41	40	36	37	
22	13	12	16	17	14	15	25	24	28	29	26	27	1	0	4	5	2	3	38	39	36	37	41	40	7	6	10	11	8	9	44	45	42	43	47	46	20	21	18	19	23	22	32	33	30	31	35	34	
23	7	6	10	11	8	9	24	25	26	27	28	29	0	1	2	3	4	5	32	33	30	31	35	34	13	12	16	17	14	15	42	43	44	45	46	47	18	19	20	21	22	23	38	39	36	37	41	40	
24	40	41	37	36	39	38	23	22	21	20	19	18	47	46	45	44	43	42	15	14	17	16	12	13	34	35	31	30	33	32	5	4	3	2	1	0	29	28	27	26	25	24	9	8	11	10	6	7	
25	34	35	31	30	33	32	22	23	19	18	21	20	46	47	43	42	45	44	9	8	11	10	6	7	40	41	37	36	39	38	3	2	5	4	0	1	27	26	29	28	24	25	15	14	17	16	12	13	
26	37	36	40	41	38	39	21	20	23	22	18	19	15	14	17	16	12	13	47	46	45	44	43	42	5	4	3	2	1	0	34	35	31	30	33	32	28	29	25	24	27	26	8	9	6	7	11	10	
27	5	4	3	2	1	0	20	21	18	19	23	22	14	15	12	13	17	16	8	9	6	7	11	10	37	36	40	41	38	39	31	30	34	35	32	33	25	24	28	29	26	27	47	46	45	44	43	42	
28	31	30	34	35	32	33	19	18	22	23	20	21	9	8	11	10	6	7	46	47	43	42	45	44	3	2	5	4	0	1	40	41	37	36	39	38	26	27	24	25	29	28	14	15	12	13	17	16	
29	3	2	5	4	0	1	18	19	20	21	22	23	8	9	6	7	11	10	14	15	12	13	17	16	31	30	34	35	32	33	37	36	40	41	38	39	24	25	26	27	28	29	46	47	43	42	45	44	
30	38	39	36	37	41	40	17	16	15	14	13	12	45	44	47	46	42	43	21	20	23	22	18	19	28	29	25	24	27	26	4	5	1	0	3	2	35	34	33	32	31	30	7	6	10	11	8	9	
31	28	29	25	24	27	26	16	17	13	12	15	14	44	45	42	43	47	46	7	6	10	11	8	9	38	39	36	37	41	40	1	0	4	5	2	3	33	32	35	34	30	31	21	20	23	22	18	19	
32	36	37	38	39	40	41	15	14	17	16	12	13	21	20	23	22	18	19	45	44	47	46	42	43	4	5	1	0	3	2	28	29	25	24	27	26	34	35	31	30	33	32	6	7	8	9	10	11	
33	4	5	1	0	3	2	14	15	12	13	17	16	20	21	18	19	23	22	6	7	8	9	10	11	36	37	38	39	40	41	25	24	28	29	26	27	31	30	34	35	32	33	45	44	47	46	42	43	
34	25	24	28	29	26	27	13	12	16	17	14	15	7	6	10	11	8	9	44	45	42	43	47	46	1	0	4	5	2	3	38	39	36	37	41	40	32	33	30	31	35	34	20	21	18	19	23	22	
35	1	0	4	5	2	3	12	13	14	15	16	17	6	7	8	9	10	11	20	21	18	19	23	22	25	24	28	29	26	27	36	37	38	39	40	41	30	31	32	33	34	35	44	45	42	43	47	46	
36	32	33	30	31	35	34	11	10	9	8	7	6	43	42	46	47	44	45	19	18	22	23	20	21	26	27	24	25	29	28	2	3	0	1	5	4	41	40	39	38	37	36	13	12	16	17	14	15	
37	26	27	24	25	29	28	10	11	7	6	9	8	42	43	44	45	46	47	13	12	16	17	14	15	32	33	30	31	35	34	0	1	2	3	4	5	39	38	41	40	36	37	19	18	22	23	20	21	
38	30	31	32	33	34	35	9	8	11	10	6	7	19	18	22	23	20	21	43	42	46	47	44	45	2	3	0	1	5	4	26	27	24	25	29	28	40	41	37	36	39	38	12	13	14	15	16	17	
39	2	3	0	1	5	4	8	9	6	7	11	10	18	19	20	21	22	23	12	13	14	15	16	17	30	31	32	33	34	35	24	25	26	27	28	29	37	36	40	41	38	39	43	42	46	47	44	45	
40	24	25	26	27	28	29	7	6	10	11	8	9	13	12	16	17	14	15	42	43	44	45	46	47	0	1	2	3	4	5	32	33	30	31	35	34	38	39	36	37	41	40	18	19	20	21	22	23	
41	0	1	2	3	4	5	6	7	8	9	10	11	12	13	14	15	16	17	18	19	20	21	22	23	24	25	26	27	28	29	30	31	32	33	34	35	36	37	38	39	40	41	42	43	44	45	46	47	
42	20	21	18	19	23	22	5	4	3	2	1	0	37	36	40	41	38	39	31	30	34	35	32	33	14	15	12	13	17	16	8	9	6	7	11	10	47	46	45	44	43	42	25	24	28	29	26	27	
43	14	15	12	13	17	16	4	5	1	0	3	2	36	37	38	39	40	41	25	24	28	29	26	27	20	21	18	19	23	22	6	7	8	9	10	11	45	44	47	46	42	43	31	30	34	35	32	33	
44	18	19	20	21	22	23	3	2	5	4	0	1	31	30	34	35	32	33	37	36	40	41	38	39	8	9	6	7	11	10	14	15	12	13	17	16	46	47	43	42	45	44	24	25	26	27	28	29	
45	8	9	6	7	11	10	2	3	0	1	5	4	30	31	32	33	34	35	24	25	26	27	28	29	18	19	20	21	22	23	12	13	14	15	16	17	43	42	46	47	44	45	37	36	40	41	38	39	
46	12	13	14	15	16	17	1	0	4	5	2	3	25	24	28	29	26	27	36	37	38	39	40	41	6	7	8	9	10	11	20	21	18	19	23	22	44	45	42	43	47	46	30	31	32	33	34	35	
47	6	7	8	9	10	11	0	1	2	3	4	5	24	25	26	27	28	29	30	31	32	33	34	35	12	13	14	15	16	17	18	19	20	21	22	23	42	43	44	45	46	47	36	37	38	39	40	41	
