given lattice is:
1 0 1
1 1 0
0 1 1

given basis is:
0
0
0

==========================================================

************************************************************************************
***********************************Point Groups*************************************
************************************************************************************
-1  0  0
 0 -1  0
 0  0  1

Rotation


===========================
 0 -1  0
-1  0  0
 0  0  1

Mirror


===========================
-1  0  0
 0 -1  0
 0  0 -1

Inverse


===========================
 0 -1  0
-1  0  0
 0  0 -1

Rotation


===========================
 0  0 -1
 0 -1  0
 1  0  0

Improper Rotation


===========================
 0  0 -1
-1  0  0
 0  1  0

Rotation


===========================
 0  0  1
 0 -1  0
 1  0  0

Rotation


===========================
 0  0  1
-1  0  0
 0  1  0

Improper Rotation


===========================
 0 -1  0
 0  0 -1
 1  0  0

Rotation


===========================
-1  0  0
 0  0 -1
 0  1  0

Improper Rotation


===========================
 0 -1  0
 0  0  1
 1  0  0

Improper Rotation


===========================
-1  0  0
 0  0  1
 0  1  0

Rotation


===========================
 0  0 -1
 0 -1  0
-1  0  0

Rotation


===========================
 0  0  1
 0 -1  0
-1  0  0

Improper Rotation


===========================
 0  0 -1
-1  0  0
 0 -1  0

Improper Rotation


===========================
 0  0  1
-1  0  0
 0 -1  0

Rotation


===========================
 1  0  0
 0 -1  0
 0  0  1

Mirror


===========================
 1  0  0
 0 -1  0
 0  0 -1

Rotation


===========================
 0  1  0
-1  0  0
 0  0  1

Rotation


===========================
 0  1  0
-1  0  0
 0  0 -1

Improper Rotation


===========================
 0 -1  0
 0  0 -1
-1  0  0

Improper Rotation


===========================
-1  0  0
 0  0 -1
 0 -1  0

Rotation


===========================
 0 -1  0
 0  0  1
-1  0  0

Rotation


===========================
-1  0  0
 0  0  1
 0 -1  0

Improper Rotation


===========================
 1  0  0
 0  0 -1
 0  1  0

Rotation


===========================
 0  1  0
 0  0 -1
 1  0  0

Improper Rotation


===========================
1 0 0
0 0 1
0 1 0

Mirror


===========================
0 1 0
0 0 1
1 0 0

Rotation


===========================
 0 -1  0
 1  0  0
 0  0  1

Rotation


===========================
 0 -1  0
 1  0  0
 0  0 -1

Improper Rotation


===========================
-1  0  0
 0  1  0
 0  0  1

Mirror


===========================
-1  0  0
 0  1  0
 0  0 -1

Rotation


===========================
 0  0 -1
 1  0  0
 0  1  0

Improper Rotation


===========================
0 0 1
1 0 0
0 1 0

Rotation


===========================
 0  0 -1
 0  1  0
 1  0  0

Rotation


===========================
0 0 1
0 1 0
1 0 0

Mirror


===========================
 1  0  0
 0  0 -1
 0 -1  0

Mirror


===========================
 0  1  0
 0  0 -1
-1  0  0

Rotation


===========================
 1  0  0
 0  0  1
 0 -1  0

Rotation


===========================
 0  1  0
 0  0  1
-1  0  0

Improper Rotation


===========================
 0  0 -1
 1  0  0
 0 -1  0

Rotation


===========================
 0  0 -1
 0  1  0
-1  0  0

Mirror


===========================
 0  0  1
 1  0  0
 0 -1  0

Improper Rotation


===========================
 0  0  1
 0  1  0
-1  0  0

Rotation


===========================
0 1 0
1 0 0
0 0 1

Mirror


===========================
1 0 0
0 1 0
0 0 1

Identity


===========================
 0  1  0
 1  0  0
 0  0 -1

Rotation


===========================
 1  0  0
 0  1  0
 0  0 -1

Mirror


===========================
************************************************************************************
************************************************************************************
************************************************************************************

************************************************************************************
********************************Factor Groups***************************************
************************************************************************************
-1  0  0
 0 -1  0
 0  0  1

0
0
0

Rotation


===========================
 0 -1  0
-1  0  0
 0  0  1

0
0
0

Mirror


===========================
-1  0  0
 0 -1  0
 0  0 -1

0
0
0

Inverse


===========================
 0 -1  0
-1  0  0
 0  0 -1

0
0
0

Rotation


===========================
 0  0 -1
 0 -1  0
 1  0  0

0
0
0

Improper Rotation


===========================
 0  0 -1
-1  0  0
 0  1  0

0
0
0

Rotation


===========================
 0  0  1
 0 -1  0
 1  0  0

0
0
0

Rotation


===========================
 0  0  1
-1  0  0
 0  1  0

0
0
0

Improper Rotation


===========================
 0 -1  0
 0  0 -1
 1  0  0

0
0
0

Rotation


===========================
-1  0  0
 0  0 -1
 0  1  0

0
0
0

Improper Rotation


===========================
 0 -1  0
 0  0  1
 1  0  0

0
0
0

Improper Rotation


===========================
-1  0  0
 0  0  1
 0  1  0

0
0
0

Rotation


===========================
 0  0 -1
 0 -1  0
-1  0  0

0
0
0

Rotation


===========================
 0  0  1
 0 -1  0
-1  0  0

0
0
0

Improper Rotation


===========================
 0  0 -1
-1  0  0
 0 -1  0

0
0
0

Improper Rotation


===========================
 0  0  1
-1  0  0
 0 -1  0

0
0
0

Rotation


===========================
 1  0  0
 0 -1  0
 0  0  1

0
0
0

Mirror


===========================
 1  0  0
 0 -1  0
 0  0 -1

0
0
0

Rotation


===========================
 0  1  0
-1  0  0
 0  0  1

0
0
0

Rotation


===========================
 0  1  0
-1  0  0
 0  0 -1

0
0
0

Improper Rotation


===========================
 0 -1  0
 0  0 -1
-1  0  0

0
0
0

Improper Rotation


===========================
-1  0  0
 0  0 -1
 0 -1  0

0
0
0

Rotation


===========================
 0 -1  0
 0  0  1
-1  0  0

0
0
0

Rotation


===========================
-1  0  0
 0  0  1
 0 -1  0

0
0
0

Improper Rotation


===========================
 1  0  0
 0  0 -1
 0  1  0

0
0
0

Rotation


===========================
 0  1  0
 0  0 -1
 1  0  0

0
0
0

Improper Rotation


===========================
1 0 0
0 0 1
0 1 0

0
0
0

Mirror


===========================
0 1 0
0 0 1
1 0 0

0
0
0

Rotation


===========================
 0 -1  0
 1  0  0
 0  0  1

0
0
0

Rotation


===========================
 0 -1  0
 1  0  0
 0  0 -1

0
0
0

Improper Rotation


===========================
-1  0  0
 0  1  0
 0  0  1

0
0
0

Mirror


===========================
-1  0  0
 0  1  0
 0  0 -1

0
0
0

Rotation


===========================
 0  0 -1
 1  0  0
 0  1  0

0
0
0

Improper Rotation


===========================
0 0 1
1 0 0
0 1 0

0
0
0

Rotation


===========================
 0  0 -1
 0  1  0
 1  0  0

0
0
0

Rotation


===========================
0 0 1
0 1 0
1 0 0

0
0
0

Mirror


===========================
 1  0  0
 0  0 -1
 0 -1  0

0
0
0

Mirror


===========================
 0  1  0
 0  0 -1
-1  0  0

0
0
0

Rotation


===========================
 1  0  0
 0  0  1
 0 -1  0

0
0
0

Rotation


===========================
 0  1  0
 0  0  1
-1  0  0

0
0
0

Improper Rotation


===========================
 0  0 -1
 1  0  0
 0 -1  0

0
0
0

Rotation


===========================
 0  0 -1
 0  1  0
-1  0  0

0
0
0

Mirror


===========================
 0  0  1
 1  0  0
 0 -1  0

0
0
0

Improper Rotation


===========================
 0  0  1
 0  1  0
-1  0  0

0
0
0

Rotation


===========================
0 1 0
1 0 0
0 0 1

0
0
0

Mirror


===========================
1 0 0
0 1 0
0 0 1

0
0
0

Identity


===========================
 0  1  0
 1  0  0
 0  0 -1

0
0
0

Rotation


===========================
 1  0  0
 0  1  0
 0  0 -1

0
0
0

Mirror


===========================
************************************************************************************
************************************************************************************
************************************************************************************
Total Number of Valid Point Groups:  48
Total number of valid Factor Groups:   48

	0	1	2	3	4	5	6	7	8	9	10	11	12	13	14	15	16	17	18	19	20	21	22	23	24	25	26	27	28	29	30	31	32	33	34	35	36	37	38	39	40	41	42	43	44	45	46	47	

0	45	44	47	46	35	33	34	32	27	26	25	24	43	41	42	40	30	31	28	29	39	38	37	36	11	10	9	8	18	19	16	17	7	5	6	4	23	22	21	20	15	13	14	12	1	0	3	2	
1	44	45	46	47	27	26	25	24	35	33	34	32	39	37	38	36	18	19	16	17	43	42	41	40	7	6	5	4	30	31	28	29	11	9	10	8	15	13	14	12	23	22	21	20	0	1	2	3	
2	47	46	45	44	43	42	41	40	39	38	37	36	35	34	33	32	31	30	29	28	27	26	25	24	23	22	21	20	19	18	17	16	15	14	13	12	11	10	9	8	7	6	5	4	3	2	1	0	
3	46	47	44	45	39	38	37	36	43	42	41	40	27	25	26	24	19	18	17	16	35	33	34	32	15	13	14	12	31	30	29	28	23	21	22	20	7	6	5	4	11	10	9	8	2	3	0	1	
4	41	40	43	42	31	29	30	28	23	22	21	20	47	45	46	44	34	35	32	33	38	39	36	37	10	11	8	9	14	15	12	13	3	1	2	0	27	26	25	24	19	17	18	16	5	4	7	6	
5	40	41	42	43	23	22	21	20	31	29	30	28	38	36	39	37	14	15	12	13	47	46	45	44	3	2	1	0	34	35	32	33	10	8	11	9	19	17	18	16	27	26	25	24	4	5	6	7	
6	43	42	41	40	47	46	45	44	38	39	36	37	31	30	29	28	35	34	33	32	23	22	21	20	27	26	25	24	15	14	13	12	19	18	17	16	10	11	8	9	3	2	1	0	7	6	5	4	
7	42	43	40	41	38	39	36	37	47	46	45	44	23	21	22	20	15	14	13	12	31	29	30	28	19	17	18	16	35	34	33	32	27	25	26	24	3	2	1	0	10	11	8	9	6	7	4	5	
8	37	36	39	38	19	17	18	16	15	13	14	12	46	44	47	45	25	27	24	26	42	43	40	41	6	7	4	5	21	23	20	22	2	0	3	1	35	33	34	32	31	29	30	28	9	8	11	10	
9	36	37	38	39	15	13	14	12	19	17	18	16	42	40	43	41	21	23	20	22	46	47	44	45	2	3	0	1	25	27	24	26	6	4	7	5	31	29	30	28	35	33	34	32	8	9	10	11	
10	39	38	37	36	46	47	44	45	42	43	40	41	19	18	17	16	27	25	26	24	15	13	14	12	35	33	34	32	23	21	22	20	31	30	29	28	6	7	4	5	2	3	0	1	11	10	9	8	
11	38	39	36	37	42	43	40	41	46	47	44	45	15	14	13	12	23	21	22	20	19	17	18	16	31	29	30	28	27	25	26	24	35	34	33	32	2	3	0	1	6	7	4	5	10	11	8	9	
12	34	32	35	33	30	28	31	29	11	10	9	8	45	47	44	46	41	43	40	42	26	27	24	25	22	23	20	21	5	7	4	6	1	3	0	2	39	38	37	36	18	16	19	17	14	12	15	13	
13	35	33	34	32	45	44	47	46	26	27	24	25	30	31	28	29	43	41	42	40	11	10	9	8	39	38	37	36	7	5	6	4	18	19	16	17	22	23	20	21	1	0	3	2	15	13	14	12	
14	32	34	33	35	11	10	9	8	30	28	31	29	26	24	27	25	5	7	4	6	45	44	47	46	1	0	3	2	41	43	40	42	22	20	23	21	18	16	19	17	39	38	37	36	12	14	13	15	
15	33	35	32	34	26	27	24	25	45	44	47	46	11	9	10	8	7	5	6	4	30	28	31	29	18	16	19	17	43	41	42	40	39	37	38	36	1	0	3	2	22	23	20	21	13	15	12	14	
16	30	28	31	29	34	32	35	33	10	11	8	9	41	43	40	42	45	47	44	46	22	23	20	21	26	27	24	25	1	3	0	2	5	7	4	6	38	39	36	37	14	12	15	13	18	16	19	17	
17	31	29	30	28	41	40	43	42	22	23	20	21	34	35	32	33	47	45	46	44	10	11	8	9	38	39	36	37	3	1	2	0	14	15	12	13	26	27	24	25	5	4	7	6	19	17	18	16	
18	28	30	29	31	10	11	8	9	34	32	35	33	22	20	23	21	1	3	0	2	41	40	43	42	5	4	7	6	45	47	44	46	26	24	27	25	14	12	15	13	38	39	36	37	16	18	17	19	
19	29	31	28	30	22	23	20	21	41	40	43	42	10	8	11	9	3	1	2	0	34	32	35	33	14	12	15	13	47	45	46	44	38	36	39	37	5	4	7	6	26	27	24	25	17	19	16	18	
20	25	24	27	26	18	16	19	17	7	6	5	4	44	46	45	47	37	39	36	38	33	35	32	34	13	15	12	14	9	11	8	10	0	2	1	3	43	42	41	40	30	28	31	29	21	20	23	22	
21	24	25	26	27	7	6	5	4	18	16	19	17	33	32	35	34	9	11	8	10	44	45	46	47	0	1	2	3	37	39	36	38	13	12	15	14	30	28	31	29	43	42	41	40	20	21	22	23	
22	27	26	25	24	44	45	46	47	33	35	32	34	18	19	16	17	39	37	38	36	7	6	5	4	43	42	41	40	11	9	10	8	30	31	28	29	13	15	12	14	0	1	2	3	23	22	21	20	
23	26	27	24	25	33	35	32	34	44	45	46	47	7	5	6	4	11	9	10	8	18	16	19	17	30	28	31	29	39	37	38	36	43	41	42	40	0	1	2	3	13	15	12	14	22	23	20	21	
24	21	20	23	22	14	12	15	13	3	2	1	0	40	42	41	43	36	38	37	39	29	31	28	30	17	19	16	18	8	10	9	11	4	6	5	7	47	46	45	44	34	32	35	33	25	24	27	26	
25	20	21	22	23	3	2	1	0	14	12	15	13	29	28	31	30	8	10	9	11	40	41	42	43	4	5	6	7	36	38	37	39	17	16	19	18	34	32	35	33	47	46	45	44	24	25	26	27	
26	23	22	21	20	40	41	42	43	29	31	28	30	14	15	12	13	38	36	39	37	3	2	1	0	47	46	45	44	10	8	11	9	34	35	32	33	17	19	16	18	4	5	6	7	27	26	25	24	
27	22	23	20	21	29	31	28	30	40	41	42	43	3	1	2	0	10	8	11	9	14	12	15	13	34	32	35	33	38	36	39	37	47	45	46	44	4	5	6	7	17	19	16	18	26	27	24	25	
28	18	16	19	17	25	24	27	26	6	7	4	5	37	39	36	38	44	46	45	47	13	15	12	14	33	35	32	34	0	2	1	3	9	11	8	10	42	43	40	41	21	20	23	22	30	28	31	29	
29	19	17	18	16	37	36	39	38	13	15	12	14	25	27	24	26	46	44	47	45	6	7	4	5	42	43	40	41	2	0	3	1	21	23	20	22	33	35	32	34	9	8	11	10	31	29	30	28	
30	16	18	17	19	6	7	4	5	25	24	27	26	13	12	15	14	0	2	1	3	37	36	39	38	9	8	11	10	44	46	45	47	33	32	35	34	21	20	23	22	42	43	40	41	28	30	29	31	
31	17	19	16	18	13	15	12	14	37	36	39	38	6	4	7	5	2	0	3	1	25	24	27	26	21	20	23	22	46	44	47	45	42	40	43	41	9	8	11	10	33	35	32	34	29	31	28	30	
32	14	12	15	13	21	20	23	22	2	3	0	1	36	38	37	39	40	42	41	43	17	19	16	18	29	31	28	30	4	6	5	7	8	10	9	11	46	47	44	45	25	24	27	26	34	32	35	33	
33	15	13	14	12	36	37	38	39	17	19	16	18	21	23	20	22	42	40	43	41	2	3	0	1	46	47	44	45	6	4	7	5	25	27	24	26	29	31	28	30	8	9	10	11	35	33	34	32	
34	12	14	13	15	2	3	0	1	21	20	23	22	17	16	19	18	4	6	5	7	36	37	38	39	8	9	10	11	40	42	41	43	29	28	31	30	25	24	27	26	46	47	44	45	32	34	33	35	
35	13	15	12	14	17	19	16	18	36	37	38	39	2	0	3	1	6	4	7	5	21	20	23	22	25	24	27	26	42	40	43	41	46	44	47	45	8	9	10	11	29	31	28	30	33	35	32	34	
36	9	8	11	10	5	4	7	6	1	0	3	2	32	33	34	35	24	26	25	27	28	30	29	31	16	18	17	19	20	22	21	23	12	13	14	15	45	44	47	46	41	40	43	42	37	36	39	38	
37	8	9	10	11	1	0	3	2	5	4	7	6	28	29	30	31	20	22	21	23	32	34	33	35	12	14	13	15	24	26	25	27	16	17	18	19	41	40	43	42	45	44	47	46	36	37	38	39	
38	11	10	9	8	32	34	33	35	28	30	29	31	5	7	4	6	26	24	27	25	1	0	3	2	45	44	47	46	22	20	23	21	41	43	40	42	16	18	17	19	12	14	13	15	39	38	37	36	
39	10	11	8	9	28	30	29	31	32	34	33	35	1	3	0	2	22	20	23	21	5	4	7	6	41	40	43	42	26	24	27	25	45	47	44	46	12	14	13	15	16	18	17	19	38	39	36	37	
40	5	4	7	6	9	8	11	10	0	1	2	3	24	26	25	27	32	33	34	35	16	18	17	19	28	30	29	31	12	13	14	15	20	22	21	23	44	45	46	47	37	36	39	38	41	40	43	42	
41	4	5	6	7	0	1	2	3	9	8	11	10	16	17	18	19	12	13	14	15	24	25	26	27	20	21	22	23	32	33	34	35	28	29	30	31	37	36	39	38	44	45	46	47	40	41	42	43	
42	7	6	5	4	24	25	26	27	16	18	17	19	9	11	8	10	33	32	35	34	0	1	2	3	44	45	46	47	13	12	15	14	37	39	36	38	28	30	29	31	20	21	22	23	43	42	41	40	
43	6	7	4	5	16	18	17	19	24	25	26	27	0	2	1	3	13	12	15	14	9	8	11	10	37	36	39	38	33	32	35	34	44	46	45	47	20	21	22	23	28	30	29	31	42	43	40	41	
44	1	0	3	2	8	9	10	11	4	5	6	7	20	22	21	23	28	29	30	31	12	14	13	15	32	34	33	35	16	17	18	19	24	26	25	27	40	41	42	43	36	37	38	39	45	44	47	46	
45	0	1	2	3	4	5	6	7	8	9	10	11	12	13	14	15	16	17	18	19	20	21	22	23	24	25	26	27	28	29	30	31	32	33	34	35	36	37	38	39	40	41	42	43	44	45	46	47	
46	3	2	1	0	20	21	22	23	12	14	13	15	8	10	9	11	29	28	31	30	4	5	6	7	40	41	42	43	17	16	19	18	36	38	37	39	32	34	33	35	24	25	26	27	47	46	45	44	
47	2	3	0	1	12	14	13	15	20	21	22	23	4	6	5	7	17	16	19	18	8	9	10	11	36	37	38	39	29	28	31	30	40	42	41	43	24	25	26	27	32	34	33	35	46	47	44	45	
